59.0 119.0
59.0 599.0
57.0 119.0
55.0 119.0
54.0 119.0
55.0 119.0
50.0 119.0
52.0 119.0
54.0 119.0
55.0 119.0
57.0 119.0
59.0 119.0
60.0 119.0
62.0 119.0
59.0 119.0
55.0 119.0
54.0 119.0
55.0 119.0
52.0 119.0
50.0 119.0
48.0 119.0
47.0 119.0
48.0 119.0
50.0 119.0
52.0 119.0
54.0 119.0
55.0 119.0
57.0 119.0
59.0 119.0
60.0 119.0
57.0 119.0
55.0 119.0
54.0 119.0
55.0 119.0
52.0 119.0
54.0 119.0
55.0 119.0
45.0 119.0
50.0 119.0
54.0 119.0
55.0 119.0
57.0 119.0
59.0 119.0
60.0 119.0
57.0 119.0
59.0 119.0
55.0 119.0
55.0 119.0
50.0 119.0
50.0 119.0
47.0 119.0
47.0 119.0
43.0 119.0
43.0 359.0
59.0 119.0
60.0 119.0
59.0 119.0
57.0 119.0
55.0 119.0
57.0 119.0
59.0 119.0
60.0 119.0
57.0 119.0
55.0 119.0
54.0 119.0
55.0 119.0
57.0 119.0
51.0 359.0
60.0 119.0
59.0 119.0
57.0 119.0
55.0 119.0
54.0 119.0
55.0 119.0
52.0 119.0
52.0 119.0
47.0 119.0
47.0 119.0
43.0 119.0
43.0 119.0
40.0 119.0
40.0 359.0
47.0 119.0
52.0 119.0
55.0 119.0
54.0 119.0
57.0 119.0
55.0 119.0
54.0 119.0
52.0 119.0
54.0 119.0
55.0 119.0
61.0 119.0
55.0 119.0
54.0 119.0
55.0 119.0
61.0 119.0
52.0 119.0
54.0 119.0
55.0 119.0
52.0 119.0
45.0 119.0
55.0 119.0
54.0 239.0
50.0 119.0
52.0 119.0
54.0 119.0
50.0 119.0
55.0 119.0
52.0 119.0
54.0 119.0
50.0 119.0
54.0 119.0
55.0 119.0
57.0 119.0
59.0 119.0
60.0 119.0
57.0 119.0
59.0 119.0
50.0 119.0
43.0 119.0
50.0 119.0
59.0 119.0
55.0 119.0
57.0 119.0
54.0 119.0
55.0 119.0
52.0 119.0
55.0 119.0
57.0 119.0
59.0 119.0
61.0 119.0
62.0 119.0
59.0 119.0
61.0 119.0
52.0 119.0
43.0 119.0
52.0 119.0
61.0 119.0
57.0 119.0
59.0 119.0
62.0 119.0
61.0 119.0
57.0 119.0
62.0 119.0
59.0 119.0
61.0 119.0
57.0 119.0
64.0 119.0
55.0 119.0
54.0 359.0
62.0 119.0
57.0 119.0
55.0 119.0
54.0 119.0
52.0 119.0
50.0 119.0
57.0 119.0
55.0 119.0
52.0 119.0
54.0 119.0
50.0 119.0
57.0 119.0
48.0 119.0
47.0 359.0
55.0 119.0
50.0 119.0
48.0 119.0
47.0 119.0
45.0 119.0
43.0 119.0
50.0 119.0
48.0 119.0
45.0 119.0
47.0 119.0
43.0 119.0
50.0 119.0
42.0 119.0
40.0 119.0
43.0 119.0
45.0 119.0
47.0 119.0
49.0 119.0
50.0 119.0
52.0 119.0
54.0 119.0
55.0 119.0
57.0 119.0
61.0 119.0
62.0 119.0
64.0 119.0
57.0 119.0
67.0 239.0
50.0 119.0
67.0 119.0
66.0 119.0
64.0 119.0
66.0 119.0
62.0 119.0
57.0 119.0
62.0 119.0
50.0 119.0
54.0 119.0
57.0 119.0
60.0 119.0
59.0 359.0
57.0 119.0
59.0 359.0
57.0 119.0
55.0 119.0
54.0 119.0
52.0 119.0
62.0 119.0
61.0 119.0
64.0 119.0
57.0 119.0
55.0 119.0
54.0 119.0
50.0 119.0
45.0 119.0
49.0 119.0
38.0 359.0
45.0 119.0
50.0 119.0
54.0 119.0
57.0 119.0
61.0 119.0
62.0 119.0
57.0 119.0
54.0 119.0
50.0 119.0
38.0 359.0
59.0 119.0
59.0 599.0
57.0 119.0
55.0 119.0
54.0 119.0
55.0 119.0
50.0 119.0
52.0 119.0
54.0 119.0
55.0 119.0
57.0 119.0
59.0 119.0
60.0 119.0
62.0 119.0
59.0 119.0
55.0 119.0
54.0 119.0
55.0 119.0
52.0 119.0
50.0 119.0
48.0 119.0
47.0 119.0
48.0 119.0
50.0 119.0
52.0 119.0
54.0 119.0
55.0 119.0
57.0 119.0
59.0 119.0
60.0 119.0
57.0 119.0
55.0 119.0
54.0 119.0
55.0 119.0
52.0 119.0
54.0 119.0
55.0 119.0
45.0 119.0
50.0 119.0
54.0 119.0
55.0 119.0
57.0 119.0
59.0 119.0
60.0 119.0
57.0 119.0
59.0 119.0
55.0 119.0
55.0 119.0
50.0 119.0
50.0 119.0
47.0 119.0
47.0 119.0
43.0 119.0
43.0 359.0
59.0 119.0
60.0 119.0
59.0 119.0
57.0 119.0
55.0 119.0
57.0 119.0
59.0 119.0
60.0 119.0
57.0 119.0
55.0 119.0
54.0 119.0
55.0 119.0
57.0 119.0
51.0 359.0
60.0 119.0
59.0 119.0
57.0 119.0
55.0 119.0
54.0 119.0
55.0 119.0
52.0 119.0
52.0 119.0
47.0 119.0
47.0 119.0
43.0 119.0
43.0 119.0
40.0 119.0
40.0 359.0
47.0 119.0
52.0 119.0
55.0 119.0
54.0 119.0
57.0 119.0
55.0 119.0
54.0 119.0
52.0 119.0
54.0 119.0
55.0 119.0
61.0 119.0
55.0 119.0
54.0 119.0
55.0 119.0
61.0 119.0
52.0 119.0
54.0 119.0
55.0 119.0
52.0 119.0
45.0 119.0
55.0 119.0
54.0 239.0
50.0 119.0
52.0 119.0
54.0 119.0
50.0 119.0
55.0 119.0
52.0 119.0
54.0 119.0
50.0 119.0
54.0 119.0
55.0 119.0
57.0 119.0
59.0 119.0
60.0 119.0
57.0 119.0
59.0 119.0
50.0 119.0
43.0 119.0
50.0 119.0
59.0 119.0
55.0 119.0
57.0 119.0
54.0 119.0
55.0 119.0
52.0 119.0
55.0 119.0
57.0 119.0
59.0 119.0
61.0 119.0
62.0 119.0
59.0 119.0
61.0 119.0
52.0 119.0
43.0 119.0
52.0 119.0
61.0 119.0
57.0 119.0
59.0 119.0
62.0 119.0
61.0 119.0
57.0 119.0
62.0 119.0
59.0 119.0
61.0 119.0
57.0 119.0
64.0 119.0
55.0 119.0
54.0 359.0
62.0 119.0
57.0 119.0
55.0 119.0
54.0 119.0
52.0 119.0
50.0 119.0
57.0 119.0
55.0 119.0
52.0 119.0
54.0 119.0
50.0 119.0
57.0 119.0
48.0 119.0
47.0 359.0
55.0 119.0
50.0 119.0
48.0 119.0
47.0 119.0
45.0 119.0
43.0 119.0
50.0 119.0
48.0 119.0
45.0 119.0
47.0 119.0
43.0 119.0
50.0 119.0
42.0 119.0
40.0 119.0
43.0 119.0
45.0 119.0
47.0 119.0
49.0 119.0
50.0 119.0
52.0 119.0
54.0 119.0
55.0 119.0
57.0 119.0
61.0 119.0
62.0 119.0
64.0 119.0
57.0 119.0
67.0 239.0
50.0 119.0
67.0 119.0
66.0 119.0
64.0 119.0
66.0 119.0
62.0 119.0
57.0 119.0
62.0 119.0
50.0 119.0
54.0 119.0
57.0 119.0
60.0 119.0
59.0 359.0
57.0 119.0
59.0 359.0
57.0 119.0
55.0 119.0
54.0 119.0
52.0 119.0
62.0 119.0
61.0 119.0
64.0 119.0
57.0 119.0
55.0 119.0
54.0 119.0
50.0 119.0
45.0 119.0
49.0 119.0
38.0 359.0
45.0 119.0
50.0 119.0
54.0 119.0
57.0 119.0
61.0 119.0
62.0 119.0
57.0 119.0
54.0 119.0
50.0 119.0
38.0 359.0
57.0 119.0
57.0 599.0
54.0 119.0
55.0 119.0
57.0 119.0
50.0 119.0
52.0 119.0
54.0 119.0
55.0 119.0
57.0 119.0
54.0 119.0
50.0 119.0
48.0 119.0
47.0 119.0
50.0 119.0
55.0 119.0
54.0 119.0
55.0 119.0
57.0 119.0
59.0 119.0
60.0 119.0
62.0 119.0
59.0 119.0
57.0 119.0
55.0 119.0
53.0 119.0
52.0 119.0
53.0 119.0
62.0 119.0
52.0 239.0
48.0 239.0
60.0 119.0
45.0 119.0
47.0 119.0
48.0 119.0
38.0 119.0
60.0 119.0
59.0 119.0
60.0 119.0
62.0 119.0
59.0 119.0
60.0 119.0
57.0 119.0
56.0 239.0
52.0 239.0
59.0 119.0
50.0 119.0
48.0 119.0
47.0 119.0
48.0 119.0
52.0 119.0
54.0 119.0
56.0 119.0
57.0 119.0
60.0 119.0
59.0 119.0
57.0 119.0
62.0 239.0
47.0 119.0
48.0 119.0
50.0 119.0
52.0 119.0
53.0 119.0
45.0 119.0
44.0 359.0
52.0 119.0
59.0 119.0
62.0 119.0
60.0 119.0
59.0 119.0
60.0 359.0
59.0 119.0
57.0 119.0
55.0 119.0
53.0 119.0
52.0 119.0
53.0 119.0
50.0 119.0
58.0 119.0
57.0 119.0
58.0 119.0
60.0 119.0
62.0 119.0
57.0 119.0
56.0 119.0
57.0 119.0
59.0 119.0
52.0 119.0
53.0 119.0
50.0 119.0
48.0 119.0
47.0 119.0
48.0 119.0
52.0 119.0
57.0 119.0
59.0 119.0
59.0 359.0
57.0 119.0
57.0 359.0
59.0 119.0
60.0 119.0
59.0 119.0
60.0 119.0
55.0 119.0
54.0 119.0
55.0 119.0
57.0 119.0
52.0 119.0
50.0 119.0
48.0 119.0
47.0 119.0
45.0 119.0
43.0 119.0
50.0 119.0
54.0 119.0
60.0 119.0
59.0 119.0
57.0 119.0
55.0 119.0
57.0 119.0
59.0 119.0
60.0 119.0
62.0 119.0
64.0 119.0
62.0 119.0
64.0 119.0
65.0 119.0
62.0 119.0
64.0 239.0
55.0 239.0
48.0 119.0
62.0 119.0
60.0 119.0
59.0 119.0
57.0 119.0
59.0 119.0
60.0 119.0
64.0 119.0
62.0 359.0
60.0 119.0
62.0 239.0
57.0 239.0
47.0 119.0
60.0 119.0
59.0 119.0
57.0 119.0
55.0 119.0
54.0 119.0
52.0 119.0
55.0 119.0
59.0 119.0
62.0 119.0
60.0 119.0
59.0 119.0
60.0 239.0
55.0 239.0
45.0 119.0
52.0 119.0
54.0 119.0
55.0 119.0
54.0 119.0
57.0 119.0
59.0 119.0
60.0 119.0
50.0 119.0
48.0 119.0
47.0 119.0
45.0 119.0
43.0 119.0
50.0 119.0
54.0 119.0
57.0 119.0
60.0 119.0
57.0 119.0
54.0 119.0
50.0 119.0
43.0 359.0
50.0 119.0
52.0 119.0
55.0 119.0
57.0 119.0
61.0 119.0
62.0 119.0
57.0 119.0
54.0 119.0
52.0 119.0
50.0 119.0
53.0 119.0
55.0 119.0
59.0 119.0
60.0 119.0
55.0 119.0
52.0 119.0
50.0 119.0
48.0 119.0
52.0 119.0
57.0 119.0
60.0 119.0
54.0 119.0
57.0 119.0
60.0 119.0
64.0 119.0
62.0 359.0
48.0 119.0
47.0 119.0
55.0 119.0
45.0 119.0
43.0 119.0
38.0 119.0
45.0 119.0
55.0 119.0
54.0 119.0
55.0 119.0
43.0 119.0
47.0 119.0
50.0 119.0
55.0 119.0
59.0 119.0
62.0 119.0
66.0 119.0
67.0 119.0
62.0 119.0
59.0 119.0
55.0 119.0
43.0 359.0
57.0 119.0
57.0 599.0
54.0 119.0
55.0 119.0
57.0 119.0
50.0 119.0
52.0 119.0
54.0 119.0
55.0 119.0
57.0 119.0
54.0 119.0
50.0 119.0
48.0 119.0
47.0 119.0
50.0 119.0
55.0 119.0
54.0 119.0
55.0 119.0
57.0 119.0
59.0 119.0
60.0 119.0
62.0 119.0
59.0 119.0
57.0 119.0
55.0 119.0
53.0 119.0
52.0 119.0
53.0 119.0
62.0 119.0
52.0 239.0
48.0 239.0
60.0 119.0
45.0 119.0
47.0 119.0
48.0 119.0
38.0 119.0
60.0 119.0
59.0 119.0
60.0 119.0
62.0 119.0
59.0 119.0
60.0 119.0
57.0 119.0
56.0 239.0
52.0 239.0
59.0 119.0
50.0 119.0
48.0 119.0
47.0 119.0
48.0 119.0
52.0 119.0
54.0 119.0
56.0 119.0
57.0 119.0
60.0 119.0
59.0 119.0
57.0 119.0
62.0 239.0
47.0 119.0
48.0 119.0
50.0 119.0
52.0 119.0
53.0 119.0
45.0 119.0
44.0 359.0
52.0 119.0
59.0 119.0
62.0 119.0
60.0 119.0
59.0 119.0
60.0 359.0
59.0 119.0
57.0 119.0
55.0 119.0
53.0 119.0
52.0 119.0
53.0 119.0
50.0 119.0
58.0 119.0
57.0 119.0
58.0 119.0
60.0 119.0
62.0 119.0
57.0 119.0
56.0 119.0
57.0 119.0
59.0 119.0
52.0 119.0
53.0 119.0
50.0 119.0
48.0 119.0
47.0 119.0
48.0 119.0
52.0 119.0
57.0 119.0
59.0 119.0
59.0 359.0
57.0 119.0
57.0 359.0
59.0 119.0
60.0 119.0
59.0 119.0
60.0 119.0
55.0 119.0
54.0 119.0
55.0 119.0
57.0 119.0
52.0 119.0
50.0 119.0
48.0 119.0
47.0 119.0
45.0 119.0
43.0 119.0
50.0 119.0
54.0 119.0
60.0 119.0
59.0 119.0
57.0 119.0
55.0 119.0
57.0 119.0
59.0 119.0
60.0 119.0
62.0 119.0
64.0 119.0
62.0 119.0
64.0 119.0
65.0 119.0
62.0 119.0
64.0 239.0
55.0 239.0
48.0 119.0
62.0 119.0
60.0 119.0
59.0 119.0
57.0 119.0
59.0 119.0
60.0 119.0
64.0 119.0
62.0 359.0
60.0 119.0
62.0 239.0
57.0 239.0
47.0 119.0
60.0 119.0
59.0 119.0
57.0 119.0
55.0 119.0
54.0 119.0
52.0 119.0
55.0 119.0
59.0 119.0
62.0 119.0
60.0 119.0
59.0 119.0
60.0 239.0
55.0 239.0
45.0 119.0
52.0 119.0
54.0 119.0
55.0 119.0
54.0 119.0
57.0 119.0
59.0 119.0
60.0 119.0
50.0 119.0
48.0 119.0
47.0 119.0
45.0 119.0
43.0 119.0
50.0 119.0
54.0 119.0
57.0 119.0
60.0 119.0
57.0 119.0
54.0 119.0
50.0 119.0
43.0 359.0
50.0 119.0
52.0 119.0
55.0 119.0
57.0 119.0
61.0 119.0
62.0 119.0
57.0 119.0
54.0 119.0
52.0 119.0
50.0 119.0
53.0 119.0
55.0 119.0
59.0 119.0
60.0 119.0
55.0 119.0
52.0 119.0
50.0 119.0
48.0 119.0
52.0 119.0
57.0 119.0
60.0 119.0
54.0 119.0
57.0 119.0
60.0 119.0
64.0 119.0
62.0 359.0
48.0 119.0
47.0 119.0
55.0 119.0
45.0 119.0
43.0 119.0
38.0 119.0
45.0 119.0
55.0 119.0
54.0 119.0
55.0 119.0
43.0 119.0
47.0 119.0
50.0 119.0
55.0 119.0
59.0 119.0
62.0 119.0
66.0 119.0
67.0 119.0
62.0 119.0
59.0 119.0
55.0 119.0
43.0 479.0
